seed=42
train=384
val=81
test=81

--- TRAIN ---
00001
00002
00003
00004
00005
00005
00007
00007
00008
00011
00012
00015
00017
00018
00019
00020
00021
00022
00023
00025
00026
00027
00030
00031
00033
00035
00036
00037
00038
00039
00040
00042
00043
00044
00046
00047
00048
00049
00050
00052
00054
00055
00056
00057
00058
00059
00060
00061
00063
00065
00069
00070
00071
00074
00075
00076
00077
00078
00080
00080
00082
00084
00085
00087
00088
00090
00092
00094
00095
00096
00097
00099
00100
00101
00102
00103
00104
00105
00106
00107
00109
00110
00111
00112
00113
00113
00114
00117
00119
00121
00122
00123
00125
00126
00127
00129
00131
00133
00134
00135
00136
00138
00140
00141
00142
00143
00146
00148
00150
00151
00152
00153
00155
00156
00157
00158
00159
00161
00162
00163
00164
00165
00167
00168
00170
00171
00172
00173
00174
00175
00175
00178
00179
00180
00181
00182
00183
00184
00185
00186
00187
00188
00189
00190
00191
00193
00194
00195
00196
00197
00198
00199
00200
00201
00203
00205
00206
00207
00208
00209
00211
00214
00215
00216
00217
00218
00220
00222
00224
00225
00226
00227
00228
00229
00230
00232
00233
00236
00238
00239
00244
00245
00246
00246
00247
00248
00249
00252
00253
00255
00256
00258
00259
00260
00262
00263
00264
00265
00266
00267
00269
00270
00271
00272
00273
00275
00276
00280
00282
00284
00285
00287
00289
00290
00291
00292
00295
00296
00297
00298
00299
00299
00300
00301
00302
00302
00304
00306
00309
00310
00310
00311
00313
00315
00316
00317
00317
00318
00319
00320
00320
00322
00323
00333
00334
00337
00338
00340
00341
00344
00346
00347
00348
00349
00350
00351
00352
00353
00353
00355
00355
00356
00357
00358
00360
00362
00363
00366
00367
00368
00370
00371
00372
00374
00375
00377
00378
00383
00385
00386
00390
00391
00392
00393
00395
00396
00400
00401
00403
00404
00406
00408
00410
00411
00412
00414
00415
00417
00418
00419
00421
00423
00426
00427
00430
00431
00432
00433
00435
00435
00438
00439
00441
00443
00448
00451
00452
00453
00455
00456
00457
00460
00461
00468
00472
00473
00473
00474
00475
00478
00479
00480
00481
00482
00483
00484
00485
00486
00488
00490
00491
00492
00493
00494
00497
00498
00499
00500
00501
00502
00503
00504
00505
00509
00512
00514
00514
00515
00516
00517
00517
00518
00520
00521
00523
00523
00527
00528
00530
00530
00531
00536
00542
00544
00545
00552
00556
00560
00564
00565
00567
00571
00575
00599
--- VAL ---
00000
00006
00009
00013
00024
00028
00034
00041
00045
00053
00062
00067
00068
00073
00081
00089
00098
00110
00115
00116
00120
00130
00137
00147
00166
00169
00176
00177
00202
00212
00219
00221
00223
00241
00243
00244
00253
00257
00261
00268
00274
00278
00279
00281
00286
00293
00312
00323
00330
00349
00350
00373
00379
00386
00387
00388
00398
00402
00402
00405
00413
00416
00420
00422
00436
00445
00447
00449
00466
00467
00470
00471
00487
00496
00513
00519
00520
00548
00557
00566
00570
--- TEST ---
00010
00014
00016
00029
00032
00051
00063
00064
00065
00066
00067
00072
00079
00083
00086
00091
00093
00118
00124
00128
00132
00144
00149
00154
00156
00160
00192
00204
00210
00231
00234
00237
00240
00242
00245
00250
00251
00254
00269
00277
00283
00288
00294
00303
00305
00307
00314
00339
00343
00357
00359
00369
00376
00380
00382
00384
00397
00415
00425
00428
00434
00440
00444
00446
00450
00458
00459
00463
00465
00476
00477
00507
00508
00524
00527
00531
00551
00554
00570
00593
00599